<!DOCTYPE html>
<!-- Generated by pkgdown: do not edit by hand --><html lang="en"><head><meta http-equiv="Content-Type" content="text/html; charset=UTF-8"><meta charset="utf-8"><meta http-equiv="X-UA-Compatible" content="IE=edge"><meta name="viewport" content="width=device-width, initial-scale=1, shrink-to-fit=no"><meta name="description" content="Return indivdual squared cosines for each principal component"><title>Compute individual squared cosines — pca_ind_cos2 • FactoMineR2</title><!-- favicons --><link rel="icon" type="image/png" sizes="16x16" href="../favicon-16x16.png"><link rel="icon" type="image/png" sizes="32x32" href="../favicon-32x32.png"><link rel="apple-touch-icon" type="image/png" sizes="180x180" href="../apple-touch-icon.png"><link rel="apple-touch-icon" type="image/png" sizes="120x120" href="../apple-touch-icon-120x120.png"><link rel="apple-touch-icon" type="image/png" sizes="76x76" href="../apple-touch-icon-76x76.png"><link rel="apple-touch-icon" type="image/png" sizes="60x60" href="../apple-touch-icon-60x60.png"><script src="../deps/jquery-3.6.0/jquery-3.6.0.min.js"></script><meta name="viewport" content="width=device-width, initial-scale=1, shrink-to-fit=no"><link href="../deps/bootstrap-5.3.1/bootstrap.min.css" rel="stylesheet"><script src="../deps/bootstrap-5.3.1/bootstrap.bundle.min.js"></script><!-- Font Awesome icons --><link rel="stylesheet" href="https://cdnjs.cloudflare.com/ajax/libs/font-awesome/5.12.1/css/all.min.css" integrity="sha256-mmgLkCYLUQbXn0B1SRqzHar6dCnv9oZFPEC1g1cwlkk=" crossorigin="anonymous"><link rel="stylesheet" href="https://cdnjs.cloudflare.com/ajax/libs/font-awesome/5.12.1/css/v4-shims.min.css" integrity="sha256-wZjR52fzng1pJHwx4aV2AO3yyTOXrcDW7jBpJtTwVxw=" crossorigin="anonymous"><!-- bootstrap-toc --><script src="https://cdn.jsdelivr.net/gh/afeld/bootstrap-toc@v1.0.1/dist/bootstrap-toc.min.js" integrity="sha256-4veVQbu7//Lk5TSmc7YV48MxtMy98e26cf5MrgZYnwo=" crossorigin="anonymous"></script><!-- headroom.js --><script src="https://cdnjs.cloudflare.com/ajax/libs/headroom/0.11.0/headroom.min.js" integrity="sha256-AsUX4SJE1+yuDu5+mAVzJbuYNPHj/WroHuZ8Ir/CkE0=" crossorigin="anonymous"></script><script src="https://cdnjs.cloudflare.com/ajax/libs/headroom/0.11.0/jQuery.headroom.min.js" integrity="sha256-ZX/yNShbjqsohH1k95liqY9Gd8uOiE1S4vZc+9KQ1K4=" crossorigin="anonymous"></script><!-- clipboard.js --><script src="https://cdnjs.cloudflare.com/ajax/libs/clipboard.js/2.0.11/clipboard.min.js" integrity="sha512-7O5pXpc0oCRrxk8RUfDYFgn0nO1t+jLuIOQdOMRp4APB7uZ4vSjspzp5y6YDtDs4VzUSTbWzBFZ/LKJhnyFOKw==" crossorigin="anonymous" referrerpolicy="no-referrer"></script><!-- search --><script src="https://cdnjs.cloudflare.com/ajax/libs/fuse.js/6.4.6/fuse.js" integrity="sha512-zv6Ywkjyktsohkbp9bb45V6tEMoWhzFzXis+LrMehmJZZSys19Yxf1dopHx7WzIKxr5tK2dVcYmaCk2uqdjF4A==" crossorigin="anonymous"></script><script src="https://cdnjs.cloudflare.com/ajax/libs/autocomplete.js/0.38.0/autocomplete.jquery.min.js" integrity="sha512-GU9ayf+66Xx2TmpxqJpliWbT5PiGYxpaG8rfnBEk1LL8l1KGkRShhngwdXK1UgqhAzWpZHSiYPc09/NwDQIGyg==" crossorigin="anonymous"></script><script src="https://cdnjs.cloudflare.com/ajax/libs/mark.js/8.11.1/mark.min.js" integrity="sha512-5CYOlHXGh6QpOFA/TeTylKLWfB3ftPsde7AnmhuitiTX4K5SqCLBeKro6sPS8ilsz1Q4NRx3v8Ko2IBiszzdww==" crossorigin="anonymous"></script><!-- pkgdown --><script src="../pkgdown.js"></script><meta property="og:title" content="Compute individual squared cosines — pca_ind_cos2"><meta property="og:description" content="Return indivdual squared cosines for each principal component"><!-- mathjax --><script src="https://cdnjs.cloudflare.com/ajax/libs/mathjax/2.7.5/MathJax.js" integrity="sha256-nvJJv9wWKEm88qvoQl9ekL2J+k/RWIsaSScxxlsrv8k=" crossorigin="anonymous"></script><script src="https://cdnjs.cloudflare.com/ajax/libs/mathjax/2.7.5/config/TeX-AMS-MML_HTMLorMML.js" integrity="sha256-84DKXVJXs0/F8OTMzX4UR909+jtl4G7SPypPavF+GfA=" crossorigin="anonymous"></script><!--[if lt IE 9]>
<script src="https://oss.maxcdn.com/html5shiv/3.7.3/html5shiv.min.js"></script>
<script src="https://oss.maxcdn.com/respond/1.4.2/respond.min.js"></script>
<![endif]--></head><body>
    <a href="#main" class="visually-hidden-focusable">Skip to contents</a>
    

    <nav class="navbar fixed-top navbar-light navbar-expand-lg bg-light" data-bs-theme="light"><div class="container">
    
    <a class="navbar-brand me-2" href="../index.html">FactoMineR2</a>

    <small class="nav-text text-muted me-auto" data-bs-toggle="tooltip" data-bs-placement="bottom" title="Released version">0.1.1</small>

    
    <button class="navbar-toggler" type="button" data-bs-toggle="collapse" data-bs-target="#navbar" aria-controls="navbar" aria-expanded="false" aria-label="Toggle navigation">
      <span class="navbar-toggler-icon"></span>
    </button>

    <div id="navbar" class="collapse navbar-collapse ms-3">
      <ul class="navbar-nav me-auto"><li class="nav-item">
  <a class="nav-link" href="../articles/FactoMineR2.html">Get started</a>
</li>
<li class="active nav-item">
  <a class="nav-link" href="../reference/index.html">Reference</a>
</li>
<li class="nav-item dropdown">
  <a href="#" class="nav-link dropdown-toggle" data-bs-toggle="dropdown" role="button" aria-expanded="false" aria-haspopup="true" id="dropdown-articles">Articles</a>
  <div class="dropdown-menu" aria-labelledby="dropdown-articles">
    <a class="dropdown-item" href="../articles/extensions.html">Data visualization with factoextra</a>
  </div>
</li>
<li class="nav-item">
  <a class="nav-link" href="../news/index.html">Changelog</a>
</li>
      </ul><form class="form-inline my-2 my-lg-0" role="search">
        <input type="search" class="form-control me-sm-2" aria-label="Toggle navigation" name="search-input" data-search-index="../search.json" id="search-input" placeholder="Search for" autocomplete="off"></form>

      <ul class="navbar-nav"><li class="nav-item">
  <a class="external-link nav-link" href="https://github.com/alexym1/FactoMineR2/" aria-label="github">
    <span class="fab fa fab fa-github fa-lg"></span>
     
  </a>
</li>
      </ul></div>

    
  </div>
</nav><div class="container template-reference-topic">
<div class="row">
  <main id="main" class="col-md-9"><div class="page-header">
      <img src="" class="logo" alt=""><h1>Compute individual squared cosines</h1>
      <small class="dont-index">Source: <a href="https://github.com/alexym1/FactoMineR2/blob/HEAD/R/pca.R" class="external-link"><code>R/pca.R</code></a></small>
      <div class="d-none name"><code>pca_ind_cos2.Rd</code></div>
    </div>

    <div class="ref-description section level2">
    <p>Return indivdual squared cosines for each principal component</p>
    </div>

    <div class="section level2">
    <h2 id="ref-usage">Usage<a class="anchor" aria-label="anchor" href="#ref-usage"></a></h2>
    <div class="sourceCode"><pre class="sourceCode r"><code><span><span class="fu">pca_ind_cos2</span><span class="op">(</span><span class="va">ind_coords</span><span class="op">)</span></span></code></pre></div>
    </div>

    <div class="section level2">
    <h2 id="arguments">Arguments<a class="anchor" aria-label="anchor" href="#arguments"></a></h2>
    <dl><dt>ind_coords</dt>
<dd><p>individual coordinates</p></dd>

</dl></div>

    <div class="section level2">
    <h2 id="ref-examples">Examples<a class="anchor" aria-label="anchor" href="#ref-examples"></a></h2>
    <div class="sourceCode"><pre class="sourceCode r"><code><span class="r-in"><span><span class="kw"><a href="https://rdrr.io/r/base/library.html" class="external-link">library</a></span><span class="op">(</span><span class="va"><a href="https://github.com/alexym1/FactoMineR2" class="external-link">FactoMineR2</a></span><span class="op">)</span></span></span>
<span class="r-in"><span></span></span>
<span class="r-in"><span><span class="va">X_active</span> <span class="op">&lt;-</span> <span class="va">iris</span><span class="op">[</span>, <span class="op">-</span><span class="fl">5</span><span class="op">]</span> <span class="op">|&gt;</span></span></span>
<span class="r-in"><span>  <span class="fu"><a href="standardize_norm.html">standardize_norm</a></span><span class="op">(</span><span class="op">)</span></span></span>
<span class="r-in"><span></span></span>
<span class="r-in"><span><span class="va">vectors</span> <span class="op">&lt;-</span> <span class="va">X_active</span> <span class="op">|&gt;</span></span></span>
<span class="r-in"><span>  <span class="fu"><a href="get_eigen.html">eigvectors</a></span><span class="op">(</span><span class="op">)</span></span></span>
<span class="r-in"><span></span></span>
<span class="r-in"><span><span class="va">X_active</span> <span class="op">|&gt;</span></span></span>
<span class="r-in"><span>  <span class="fu"><a href="pca_ind_coords.html">pca_ind_coords</a></span><span class="op">(</span><span class="va">vectors</span><span class="op">)</span> <span class="op">|&gt;</span></span></span>
<span class="r-in"><span>  <span class="fu">pca_ind_cos2</span><span class="op">(</span><span class="op">)</span></span></span>
<span class="r-out co"><span class="r-pr">#&gt;</span>               Dim.1        Dim.2        Dim.3        Dim.4</span>
<span class="r-out co"><span class="r-pr">#&gt;</span>   [1,] 9.539975e-01 4.286032e-02 3.033525e-03 1.086460e-04</span>
<span class="r-out co"><span class="r-pr">#&gt;</span>   [2,] 8.927725e-01 9.369248e-02 1.134754e-02 2.187482e-03</span>
<span class="r-out co"><span class="r-pr">#&gt;</span>   [3,] 9.790410e-01 2.047578e-02 3.422122e-04 1.410446e-04</span>
<span class="r-out co"><span class="r-pr">#&gt;</span>   [4,] 9.346682e-01 6.308947e-02 1.473268e-03 7.690193e-04</span>
<span class="r-out co"><span class="r-pr">#&gt;</span>   [5,] 9.315095e-01 6.823959e-02 4.039790e-05 2.104697e-04</span>
<span class="r-out co"><span class="r-pr">#&gt;</span>   [6,] 6.600989e-01 3.397830e-01 1.114335e-04 6.690714e-06</span>
<span class="r-out co"><span class="r-pr">#&gt;</span>   [7,] 9.809239e-01 3.727715e-04 1.848124e-02 2.220962e-04</span>
<span class="r-out co"><span class="r-pr">#&gt;</span>   [8,] 9.884478e-01 9.872384e-03 1.559692e-03 1.200972e-04</span>
<span class="r-out co"><span class="r-pr">#&gt;</span>   [9,] 8.115435e-01 1.852153e-01 3.133777e-03 1.074134e-04</span>
<span class="r-out co"><span class="r-pr">#&gt;</span>  [10,] 9.434549e-01 4.349669e-02 1.273359e-02 3.147862e-04</span>
<span class="r-out co"><span class="r-pr">#&gt;</span>  [11,] 8.015666e-01 1.860553e-01 1.233027e-02 4.781468e-05</span>
<span class="r-out co"><span class="r-pr">#&gt;</span>  [12,] 9.918759e-01 3.246413e-03 1.611452e-03 3.266207e-03</span>
<span class="r-out co"><span class="r-pr">#&gt;</span>  [13,] 8.938769e-01 9.643777e-02 9.684299e-03 1.068108e-06</span>
<span class="r-out co"><span class="r-pr">#&gt;</span>  [14,] 8.786492e-01 1.171616e-01 4.142463e-03 4.679349e-05</span>
<span class="r-out co"><span class="r-pr">#&gt;</span>  [15,] 5.650488e-01 4.043808e-01 2.613836e-02 4.432120e-03</span>
<span class="r-out co"><span class="r-pr">#&gt;</span>  [16,] 4.148109e-01 5.849066e-01 7.553351e-05 2.069881e-04</span>
<span class="r-out co"><span class="r-pr">#&gt;</span>  [17,] 6.854138e-01 3.095680e-01 4.016660e-06 5.014193e-03</span>
<span class="r-out co"><span class="r-pr">#&gt;</span>  [18,] 9.505502e-01 4.734550e-02 3.873412e-04 1.716953e-03</span>
<span class="r-out co"><span class="r-pr">#&gt;</span>  [19,] 6.298932e-01 3.449666e-01 2.448797e-02 6.522857e-04</span>
<span class="r-out co"><span class="r-pr">#&gt;</span>  [20,] 8.096466e-01 1.875497e-01 2.593586e-03 2.101821e-04</span>
<span class="r-out co"><span class="r-pr">#&gt;</span>  [21,] 9.140097e-01 4.169275e-02 4.426781e-02 2.974870e-05</span>
<span class="r-out co"><span class="r-pr">#&gt;</span>  [22,] 8.465230e-01 1.484182e-01 4.441578e-03 6.172806e-04</span>
<span class="r-out co"><span class="r-pr">#&gt;</span>  [23,] 9.599880e-01 2.620158e-02 1.376225e-02 4.815049e-05</span>
<span class="r-out co"><span class="r-pr">#&gt;</span>  [24,] 9.906097e-01 2.192409e-03 3.562427e-04 6.841630e-03</span>
<span class="r-out co"><span class="r-pr">#&gt;</span>  [25,] 9.791281e-01 3.718675e-03 2.748222e-03 1.440503e-02</span>
<span class="r-out co"><span class="r-pr">#&gt;</span>  [26,] 8.867166e-01 9.109885e-02 2.174287e-02 4.416744e-04</span>
<span class="r-out co"><span class="r-pr">#&gt;</span>  [27,] 9.834773e-01 1.370839e-02 1.743550e-03 1.070756e-03</span>
<span class="r-out co"><span class="r-pr">#&gt;</span>  [28,] 9.361470e-01 5.531742e-02 8.514587e-03 2.101799e-05</span>
<span class="r-out co"><span class="r-pr">#&gt;</span>  [29,] 9.624243e-01 2.062572e-02 1.545739e-02 1.492626e-03</span>
<span class="r-out co"><span class="r-pr">#&gt;</span>  [30,] 9.752045e-01 2.167720e-02 8.900726e-04 2.228202e-03</span>
<span class="r-out co"><span class="r-pr">#&gt;</span>  [31,] 9.457919e-01 5.256672e-02 1.161820e-03 4.795258e-04</span>
<span class="r-out co"><span class="r-pr">#&gt;</span>  [32,] 9.153582e-01 4.898229e-02 1.996007e-02 1.569949e-02</span>
<span class="r-out co"><span class="r-pr">#&gt;</span>  [33,] 6.763790e-01 3.182025e-01 2.206332e-04 5.197918e-03</span>
<span class="r-out co"><span class="r-pr">#&gt;</span>  [34,] 5.635205e-01 4.356170e-01 6.435898e-04 2.189209e-04</span>
<span class="r-out co"><span class="r-pr">#&gt;</span>  [35,] 9.485212e-01 4.512209e-02 6.177227e-03 1.794632e-04</span>
<span class="r-out co"><span class="r-pr">#&gt;</span>  [36,] 9.756149e-01 8.502422e-03 1.017240e-02 5.710252e-03</span>
<span class="r-out co"><span class="r-pr">#&gt;</span>  [37,] 8.547102e-01 8.943472e-02 4.797608e-02 7.878975e-03</span>
<span class="r-out co"><span class="r-pr">#&gt;</span>  [38,] 9.452702e-01 5.191636e-02 5.590322e-05 2.757564e-03</span>
<span class="r-out co"><span class="r-pr">#&gt;</span>  [39,] 8.734875e-01 1.209721e-01 5.526313e-03 1.403307e-05</span>
<span class="r-out co"><span class="r-pr">#&gt;</span>  [40,] 9.785321e-01 1.502744e-02 6.430181e-03 1.032357e-05</span>
<span class="r-out co"><span class="r-pr">#&gt;</span>  [41,] 9.617761e-01 3.589435e-02 2.240088e-04 2.105584e-03</span>
<span class="r-out co"><span class="r-pr">#&gt;</span>  [42,] 3.818483e-01 6.042461e-01 4.613167e-03 9.292455e-03</span>
<span class="r-out co"><span class="r-pr">#&gt;</span>  [43,] 9.521845e-01 3.351629e-02 1.365155e-02 6.476937e-04</span>
<span class="r-out co"><span class="r-pr">#&gt;</span>  [44,] 9.167790e-01 5.299912e-02 2.277138e-02 7.450520e-03</span>
<span class="r-out co"><span class="r-pr">#&gt;</span>  [45,] 7.667622e-01 2.190454e-01 1.036211e-02 3.830287e-03</span>
<span class="r-out co"><span class="r-pr">#&gt;</span>  [46,] 8.900194e-01 1.050436e-01 8.491279e-04 4.087828e-03</span>
<span class="r-out co"><span class="r-pr">#&gt;</span>  [47,] 8.160634e-01 1.801414e-01 4.697940e-04 3.325449e-03</span>
<span class="r-out co"><span class="r-pr">#&gt;</span>  [48,] 9.710330e-01 2.526848e-02 3.294562e-03 4.039311e-04</span>
<span class="r-out co"><span class="r-pr">#&gt;</span>  [49,] 8.284719e-01 1.660006e-01 5.490379e-03 3.714452e-05</span>
<span class="r-out co"><span class="r-pr">#&gt;</span>  [50,] 9.946874e-01 1.739593e-05 4.796002e-03 4.992129e-04</span>
<span class="r-out co"><span class="r-pr">#&gt;</span>  [51,] 4.998618e-01 3.066571e-01 1.929814e-01 4.996436e-04</span>
<span class="r-out co"><span class="r-pr">#&gt;</span>  [52,] 5.960682e-01 3.940322e-01 9.872793e-03 2.679752e-05</span>
<span class="r-out co"><span class="r-pr">#&gt;</span>  [53,] 6.915685e-01 1.705639e-01 1.378277e-01 3.987688e-05</span>
<span class="r-out co"><span class="r-pr">#&gt;</span>  [54,] 5.110830e-02 9.473960e-01 1.642717e-04 1.331413e-03</span>
<span class="r-out co"><span class="r-pr">#&gt;</span>  [55,] 8.444751e-01 3.171536e-02 1.158004e-01 8.009136e-03</span>
<span class="r-out co"><span class="r-pr">#&gt;</span>  [56,] 2.620665e-01 6.105701e-01 2.675438e-02 1.006090e-01</span>
<span class="r-out co"><span class="r-pr">#&gt;</span>  [57,] 4.710788e-01 5.051030e-01 1.875830e-02 5.059902e-03</span>
<span class="r-out co"><span class="r-pr">#&gt;</span>  [58,] 6.362155e-02 9.192932e-01 1.664541e-02 4.398597e-04</span>
<span class="r-out co"><span class="r-pr">#&gt;</span>  [59,] 7.066943e-01 8.523983e-04 2.917205e-01 7.327866e-04</span>
<span class="r-out co"><span class="r-pr">#&gt;</span>  [60,] 9.595978e-05 7.858559e-01 2.134528e-01 5.953775e-04</span>
<span class="r-out co"><span class="r-pr">#&gt;</span>  [61,] 1.720338e-03 9.979427e-01 3.101660e-04 2.682643e-05</span>
<span class="r-out co"><span class="r-pr">#&gt;</span>  [62,] 8.029139e-01 1.656293e-02 1.738666e-01 6.656551e-03</span>
<span class="r-out co"><span class="r-pr">#&gt;</span>  [63,] 7.862358e-02 7.749373e-01 1.459187e-01 5.203999e-04</span>
<span class="r-out co"><span class="r-pr">#&gt;</span>  [64,] 8.860991e-01 5.934992e-02 8.067524e-03 4.648345e-02</span>
<span class="r-out co"><span class="r-pr">#&gt;</span>  [65,] 4.564686e-03 7.907372e-01 1.559075e-01 4.879060e-02</span>
<span class="r-out co"><span class="r-pr">#&gt;</span>  [66,] 5.940507e-01 2.008852e-01 1.965268e-01 8.537215e-03</span>
<span class="r-out co"><span class="r-pr">#&gt;</span>  [67,] 2.795423e-01 8.781721e-02 5.490673e-01 8.357322e-02</span>
<span class="r-out co"><span class="r-pr">#&gt;</span>  [68,] 3.208691e-02 7.982287e-01 1.160627e-01 5.362166e-02</span>
<span class="r-out co"><span class="r-pr">#&gt;</span>  [69,] 3.398538e-01 5.959170e-01 5.267388e-02 1.155540e-02</span>
<span class="r-out co"><span class="r-pr">#&gt;</span>  [70,] 1.548382e-02 9.659862e-01 1.700670e-02 1.523262e-03</span>
<span class="r-out co"><span class="r-pr">#&gt;</span>  [71,] 4.999383e-01 1.444842e-01 3.492051e-01 6.372381e-03</span>
<span class="r-out co"><span class="r-pr">#&gt;</span>  [72,] 4.685974e-01 3.597502e-01 1.450098e-01 2.664257e-02</span>
<span class="r-out co"><span class="r-pr">#&gt;</span>  [73,] 6.020253e-01 3.442909e-01 5.364475e-02 3.908654e-05</span>
<span class="r-out co"><span class="r-pr">#&gt;</span>  [74,] 5.454390e-01 2.361181e-01 1.160354e-01 1.024076e-01</span>
<span class="r-out co"><span class="r-pr">#&gt;</span>  [75,] 7.067637e-01 5.756026e-03 2.847768e-01 2.703512e-03</span>
<span class="r-out co"><span class="r-pr">#&gt;</span>  [76,] 7.204579e-01 5.928516e-02 2.105051e-01 9.751919e-03</span>
<span class="r-out co"><span class="r-pr">#&gt;</span>  [77,] 7.464447e-01 2.821831e-03 2.499887e-01 7.447254e-04</span>
<span class="r-out co"><span class="r-pr">#&gt;</span>  [78,] 9.101054e-01 5.413854e-02 3.355342e-02 2.202677e-03</span>
<span class="r-out co"><span class="r-pr">#&gt;</span>  [79,] 8.809180e-01 1.017402e-01 1.469515e-02 2.646707e-03</span>
<span class="r-out co"><span class="r-pr">#&gt;</span>  [80,] 1.318942e-03 9.121560e-01 8.310921e-02 3.415854e-03</span>
<span class="r-out co"><span class="r-pr">#&gt;</span>  [81,] 6.897068e-03 9.839981e-01 9.069177e-03 3.564264e-05</span>
<span class="r-out co"><span class="r-pr">#&gt;</span>  [82,] 2.171750e-04 9.763206e-01 2.303811e-02 4.240747e-04</span>
<span class="r-out co"><span class="r-pr">#&gt;</span>  [83,] 8.505812e-02 8.807901e-01 3.333620e-02 8.155603e-04</span>
<span class="r-out co"><span class="r-pr">#&gt;</span>  [84,] 7.159556e-01 2.554710e-01 7.052264e-03 2.152111e-02</span>
<span class="r-out co"><span class="r-pr">#&gt;</span>  [85,] 7.832704e-02 1.293003e-01 6.909830e-01 1.013896e-01</span>
<span class="r-out co"><span class="r-pr">#&gt;</span>  [86,] 1.652746e-01 6.416844e-01 1.822459e-01 1.079510e-02</span>
<span class="r-out co"><span class="r-pr">#&gt;</span>  [87,] 7.186556e-01 1.780829e-01 1.023568e-01 9.046727e-04</span>
<span class="r-out co"><span class="r-pr">#&gt;</span>  [88,] 3.120681e-01 5.470709e-01 1.355055e-01 5.355556e-03</span>
<span class="r-out co"><span class="r-pr">#&gt;</span>  [89,] 3.032379e-02 3.017123e-01 5.323828e-01 1.355811e-01</span>
<span class="r-out co"><span class="r-pr">#&gt;</span>  [90,] 4.330787e-02 9.523411e-01 4.308269e-03 4.274416e-05</span>
<span class="r-out co"><span class="r-pr">#&gt;</span>  [91,] 5.506021e-02 8.868405e-01 6.311564e-03 5.178769e-02</span>
<span class="r-out co"><span class="r-pr">#&gt;</span>  [92,] 9.446604e-01 1.504234e-03 1.015833e-03 5.281956e-02</span>
<span class="r-out co"><span class="r-pr">#&gt;</span>  [93,] 1.002241e-01 8.645554e-01 3.518273e-02 3.774200e-05</span>
<span class="r-out co"><span class="r-pr">#&gt;</span>  [94,] 3.108397e-02 9.661717e-01 2.653527e-03 9.076054e-05</span>
<span class="r-out co"><span class="r-pr">#&gt;</span>  [95,] 9.864922e-02 8.673937e-01 2.029333e-02 1.366375e-02</span>
<span class="r-out co"><span class="r-pr">#&gt;</span>  [96,] 7.540386e-02 2.965881e-01 1.502826e-01 4.777254e-01</span>
<span class="r-out co"><span class="r-pr">#&gt;</span>  [97,] 2.142720e-01 6.122323e-01 1.008348e-01 7.266088e-02</span>
<span class="r-out co"><span class="r-pr">#&gt;</span>  [98,] 7.718989e-01 5.572946e-02 1.714552e-01 9.164701e-04</span>
<span class="r-out co"><span class="r-pr">#&gt;</span>  [99,] 7.534247e-02 8.959985e-01 1.362912e-02 1.502994e-02</span>
<span class="r-out co"><span class="r-pr">#&gt;</span> [100,] 1.510282e-01 8.217536e-01 1.934358e-02 7.874535e-03</span>
<span class="r-out co"><span class="r-pr">#&gt;</span> [101,] 6.576882e-01 1.464500e-01 1.953930e-01 4.688547e-04</span>
<span class="r-out co"><span class="r-pr">#&gt;</span> [102,] 6.348502e-01 2.312787e-01 1.330936e-01 7.774957e-04</span>
<span class="r-out co"><span class="r-pr">#&gt;</span> [103,] 9.309818e-01 6.046551e-02 7.882131e-03 6.705488e-04</span>
<span class="r-out co"><span class="r-pr">#&gt;</span> [104,] 9.608218e-01 1.022806e-03 1.240376e-02 2.575161e-02</span>
<span class="r-out co"><span class="r-pr">#&gt;</span> [105,] 9.346725e-01 2.332217e-02 4.193416e-02 7.116659e-05</span>
<span class="r-out co"><span class="r-pr">#&gt;</span> [106,] 8.843819e-01 7.481817e-02 3.959954e-02 1.200400e-03</span>
<span class="r-out co"><span class="r-pr">#&gt;</span> [107,] 3.778803e-02 6.840153e-01 2.732251e-01 4.971551e-03</span>
<span class="r-out co"><span class="r-pr">#&gt;</span> [108,] 8.896069e-01 2.961119e-02 7.127311e-02 9.508809e-03</span>
<span class="r-out co"><span class="r-pr">#&gt;</span> [109,] 8.575580e-01 1.077902e-01 3.305796e-02 1.593835e-03</span>
<span class="r-out co"><span class="r-pr">#&gt;</span> [110,] 5.695564e-01 4.115901e-01 1.762760e-02 1.225887e-03</span>
<span class="r-out co"><span class="r-pr">#&gt;</span> [111,] 7.647242e-01 1.972084e-01 3.328672e-02 4.780668e-03</span>
<span class="r-out co"><span class="r-pr">#&gt;</span> [112,] 9.339097e-01 6.465768e-02 1.954695e-04 1.237144e-03</span>
<span class="r-out co"><span class="r-pr">#&gt;</span> [113,] 9.471838e-01 4.690981e-02 1.851388e-04 5.721225e-03</span>
<span class="r-out co"><span class="r-pr">#&gt;</span> [114,] 4.833376e-01 4.111848e-01 1.024848e-01 2.992814e-03</span>
<span class="r-out co"><span class="r-pr">#&gt;</span> [115,] 6.273744e-01 5.697216e-02 2.935210e-01 2.213241e-02</span>
<span class="r-out co"><span class="r-pr">#&gt;</span> [116,] 7.371151e-01 1.333235e-01 1.188293e-01 1.073202e-02</span>
<span class="r-out co"><span class="r-pr">#&gt;</span> [117,] 9.597199e-01 2.896412e-02 6.210597e-04 1.069490e-02</span>
<span class="r-out co"><span class="r-pr">#&gt;</span> [118,] 4.704046e-01 5.222982e-01 1.306734e-03 5.990483e-03</span>
<span class="r-out co"><span class="r-pr">#&gt;</span> [119,] 9.566234e-01 2.759385e-05 4.317082e-02 1.782216e-04</span>
<span class="r-out co"><span class="r-pr">#&gt;</span> [120,] 3.482637e-01 6.352021e-01 1.560780e-02 9.264325e-04</span>
<span class="r-out co"><span class="r-pr">#&gt;</span> [121,] 8.198686e-01 1.636762e-01 1.088557e-02 5.569591e-03</span>
<span class="r-out co"><span class="r-pr">#&gt;</span> [122,] 4.855240e-01 1.659527e-01 3.481322e-01 3.910668e-04</span>
<span class="r-out co"><span class="r-pr">#&gt;</span> [123,] 9.010088e-01 1.836048e-02 7.889070e-02 1.739973e-03</span>
<span class="r-out co"><span class="r-pr">#&gt;</span> [124,] 8.759355e-01 1.143969e-01 1.452106e-05 9.653019e-03</span>
<span class="r-out co"><span class="r-pr">#&gt;</span> [125,] 7.207085e-01 2.561509e-01 2.219381e-02 9.468142e-04</span>
<span class="r-out co"><span class="r-pr">#&gt;</span> [126,] 7.549599e-01 2.007516e-01 3.486555e-02 9.423009e-03</span>
<span class="r-out co"><span class="r-pr">#&gt;</span> [127,] 9.123146e-01 6.613785e-02 1.115483e-02 1.039271e-02</span>
<span class="r-out co"><span class="r-pr">#&gt;</span> [128,] 8.980987e-01 3.567452e-03 9.826930e-02 6.453402e-05</span>
<span class="r-out co"><span class="r-pr">#&gt;</span> [129,] 9.669461e-01 1.061345e-02 2.214823e-02 2.921952e-04</span>
<span class="r-out co"><span class="r-pr">#&gt;</span> [130,] 7.993811e-01 7.276930e-02 1.178714e-01 9.978173e-03</span>
<span class="r-out co"><span class="r-pr">#&gt;</span> [131,] 9.085510e-01 1.029352e-02 8.110630e-02 4.918700e-05</span>
<span class="r-out co"><span class="r-pr">#&gt;</span> [132,] 4.250633e-01 5.518683e-01 1.948351e-02 3.584933e-03</span>
<span class="r-out co"><span class="r-pr">#&gt;</span> [133,] 9.539992e-01 8.765525e-03 3.448514e-02 2.750088e-03</span>
<span class="r-out co"><span class="r-pr">#&gt;</span> [134,] 8.895068e-01 6.148505e-02 2.412575e-02 2.488245e-02</span>
<span class="r-out co"><span class="r-pr">#&gt;</span> [135,] 6.098699e-01 2.776295e-01 1.144455e-02 1.010561e-01</span>
<span class="r-out co"><span class="r-pr">#&gt;</span> [136,] 8.752553e-01 8.202807e-02 3.293444e-02 9.782154e-03</span>
<span class="r-out co"><span class="r-pr">#&gt;</span> [137,] 5.494001e-01 2.524935e-01 1.978260e-01 2.803340e-04</span>
<span class="r-out co"><span class="r-pr">#&gt;</span> [138,] 8.755744e-01 8.620357e-02 1.580425e-02 2.241773e-02</span>
<span class="r-out co"><span class="r-pr">#&gt;</span> [139,] 8.308982e-01 2.881718e-04 1.687869e-01 2.665801e-05</span>
<span class="r-out co"><span class="r-pr">#&gt;</span> [140,] 8.737961e-01 1.164569e-01 4.090771e-05 9.706116e-03</span>
<span class="r-out co"><span class="r-pr">#&gt;</span> [141,] 8.672096e-01 8.050645e-02 3.919390e-02 1.309003e-02</span>
<span class="r-out co"><span class="r-pr">#&gt;</span> [142,] 8.353172e-01 1.098228e-01 3.907659e-03 5.095232e-02</span>
<span class="r-out co"><span class="r-pr">#&gt;</span> [143,] 6.348502e-01 2.312787e-01 1.330936e-01 7.774957e-04</span>
<span class="r-out co"><span class="r-pr">#&gt;</span> [144,] 8.273394e-01 1.495359e-01 2.271900e-02 4.057095e-04</span>
<span class="r-out co"><span class="r-pr">#&gt;</span> [145,] 7.208004e-01 1.987242e-01 7.220417e-02 8.271249e-03</span>
<span class="r-out co"><span class="r-pr">#&gt;</span> [146,] 9.050786e-01 3.873603e-02 1.698940e-02 3.919601e-02</span>
<span class="r-out co"><span class="r-pr">#&gt;</span> [147,] 7.415355e-01 2.435666e-01 2.106691e-04 1.468722e-02</span>
<span class="r-out co"><span class="r-pr">#&gt;</span> [148,] 9.510633e-01 2.975647e-02 1.334317e-02 5.837082e-03</span>
<span class="r-out co"><span class="r-pr">#&gt;</span> [149,] 4.986771e-01 2.706036e-01 2.305387e-01 1.806536e-04</span>
<span class="r-out co"><span class="r-pr">#&gt;</span> [150,] 7.508462e-01 4.816803e-04 2.270347e-01 2.163745e-02</span>
<span class="r-in"><span></span></span>
</code></pre></div>
    </div>
  </main><aside class="col-md-3"><nav id="toc"><h2>On this page</h2>
    </nav></aside></div>


    <footer><div class="pkgdown-footer-left">
  <p>Developed by <a href="https://github.com/alexym1" class="external-link">Alex Martinez</a>.</p>
</div>

<div class="pkgdown-footer-right">
  <p>Site built with <a href="https://pkgdown.r-lib.org/" class="external-link">pkgdown</a> 2.0.9.</p>
</div>

    </footer></div>

  

  

  </body></html>

